144	1.0 1.0 1.0 
34	1.0 1.5 1.0 
136	1.5 1.5 1.5 
28	2.5 1.5 1.0 
139	1.0 3.0 1.0 
143	1.5 1.0 2.5 
53	1.5 1.5 2.5 
117	3.0 1.5 1.5 
121	1.0 1.0 4.5 
124	1.5 3.5 1.5 
129	4.0 1.0 1.5 
137	1.5 1.5 3.5 
147	1.0 2.0 3.5 
164	2.0 1.0 3.5 
2	2.5 2.5 2.0 
8	3.0 1.5 2.5 
13	1.5 2.5 3.0 
32	2.0 2.5 2.5 
39	1.5 1.0 4.5 
72	2.5 2.5 2.0 
79	2.0 2.5 2.5 
82	1.0 2.5 3.5 
107	3.5 1.0 2.5 
171	2.0 1.0 4.0 
167	4.5 1.0 1.5 
1	3.5 3.0 1.0 
9	5.5 1.0 1.0 
29	4.5 1.0 2.0 
70	4.0 1.0 2.5 
75	3.0 3.5 1.0 
100	2.0 4.0 1.5 
109	5.0 1.0 1.5 
98	5.5 1.0 1.0 
5	5.0 1.5 1.5 
73	1.5 1.0 5.5 
77	3.5 2.0 2.5 
81	3.5 2.5 2.0 
148	3.0 2.5 2.5 
145	5.5 1.0 1.5 
166	2.0 2.0 4.0 
153	2.5 2.5 3.0 
19	3.0 1.0 4.5 
17	3.5 1.0 4.0 
23	1.5 4.0 3.0 
24	3.0 3.5 2.0 
25	3.5 4.0 1.0 
45	1.5 3.5 3.5 
62	4.0 2.0 2.5 
112	3.5 1.5 3.5 
108	3.5 1.0 4.0 
138	3.5 4.0 1.0 
160	2.5 2.0 4.0 
176	1.5 2.0 5.0 
170	6.0 1.5 1.0 
0	4.5 3.0 1.5 
11	4.0 1.0 4.0 
47	3.5 4.0 1.5 
58	2.0 4.0 3.0 
71	2.0 3.0 4.0 
86	2.5 1.5 5.0 
96	1.0 3.5 4.5 
89	5.5 1.5 2.0 
104	2.0 2.0 5.0 
142	2.5 3.5 3.0 
172	6.0 2.0 1.0 
179	3.5 4.0 1.5 
16	1.0 3.0 5.5 
30	3.0 1.0 5.5 
31	6.0 2.0 1.5 
33	5.0 1.0 3.5 
40	2.5 6.0 1.0 
43	3.0 3.0 3.5 
49	3.5 4.0 2.0 
61	2.5 6.0 1.0 
92	6.0 2.0 1.5 
103	5.5 1.5 2.5 
119	4.0 1.5 4.0 
152	3.5 2.0 4.0 
150	4.0 2.5 3.0 
165	3.5 2.5 3.5 
18	1.0 4.0 5.0 
27	6.0 1.5 2.5 
48	4.0 4.0 2.0 
68	3.5 5.5 1.0 
80	1.5 4.0 4.5 
101	4.5 4.5 1.0 
90	1.0 5.0 4.0 
113	4.0 2.0 4.0 
116	2.5 3.5 4.0 
125	5.5 1.5 3.0 
134	1.0 3.5 5.5 
169	5.0 1.0 4.0 
174	3.0 1.5 5.5 
3	3.0 5.0 2.5 
4	3.0 3.0 4.5 
10	4.5 4.5 1.5 
14	3.0 3.5 4.0 
26	3.5 2.0 5.0 
36	4.0 4.5 2.0 
67	5.0 1.0 4.5 
114	1.5 3.0 6.0 
115	4.5 2.5 3.5 
111	2.5 4.0 4.0 
128	4.0 1.5 5.0 
133	3.0 6.0 1.5 
141	5.5 3.0 2.0 
173	5.5 1.5 3.5 
178	6.0 1.5 3.0 
35	3.5 4.5 3.0 
46	4.5 1.5 5.0 
56	3.0 4.5 3.5 
66	3.0 4.5 3.5 
63	3.5 4.0 3.5 
87	4.0 3.5 3.5 
105	5.0 2.0 4.0 
106	2.5 6.0 2.5 
126	5.0 4.5 1.5 
120	3.0 5.0 3.0 
123	5.5 3.0 2.5 
140	4.5 5.0 1.5 
157	2.5 5.0 3.5 
158	3.5 3.0 4.5 
22	6.0 1.0 4.5 
38	4.0 1.5 6.0 
41	2.5 4.5 4.5 
44	4.0 3.0 4.5 
60	4.5 1.5 5.5 
159	2.5 4.0 5.0 
21	2.5 3.5 6.0 
55	2.0 6.0 4.0 
88	5.0 1.0 6.0 
118	2.5 4.5 5.0 
122	1.5 6.0 4.5 
131	4.5 5.0 2.5 
161	1.0 5.0 6.0 
162	3.5 4.0 4.5 
15	6.0 4.5 2.0 
20	4.5 5.5 2.5 
42	6.0 4.5 2.0 
69	2.5 5.5 4.5 
78	6.0 5.0 1.5 
93	5.5 2.0 5.0 
85	2.0 5.0 5.5 
95	5.0 5.0 2.5 
156	2.5 4.5 5.5 
146	3.0 6.0 3.5 
151	5.0 3.0 4.5 
154	3.5 6.0 3.0 
168	4.5 2.0 6.0 
175	1.5 6.0 5.0 
6	4.5 6.0 2.5 
52	6.0 5.5 1.5 
54	6.0 2.5 4.5 
59	4.0 3.5 5.5 
84	6.0 6.0 1.0 
91	6.0 1.5 5.5 
163	5.5 4.0 3.5 
12	3.5 5.5 4.5 
57	4.5 3.5 5.5 
64	6.0 2.5 5.0 
110	4.0 6.0 3.5 
127	6.0 3.5 4.0 
132	5.0 5.0 3.5 
155	6.0 3.0 4.5 
94	4.0 6.0 4.0 
83	3.5 5.0 5.5 
97	4.0 4.5 5.5 
102	5.5 2.5 6.0 
37	6.0 4.0 4.5 
74	4.0 6.0 4.5 
177	3.0 6.0 5.5 
7	4.0 6.0 5.0 
76	4.5 4.5 6.0 
135	5.5 3.5 6.0 
149	4.0 5.5 5.5 
50	5.5 6.0 4.0 
51	6.0 6.0 3.5 
65	5.5 5.5 4.5 
99	5.5 6.0 6.0 
130	6.0 6.0 6.0 
